10.0
10.73
12.39
11.09
11.4
11.02
12.28
9.72
10.97
9.53
13.23
9.27
12.18
13.82
10.7
10.46
10.1
11.02
10.62
11.4
10.26
11.23
9.88
10.88
12.52
12.04
13.26
12.14
9.77
12.92
11.8
12.14
11.84
12.82
11.09
9.77
11.34
10.09
8.45
13.08
11.45
10.34
11.94
10.44
11.11
10.17
12.43
11.0
11.29
8.61
9.29
12.03
8.68
10.29
11.56
12.09
12.1
10.65
11.86
10.53
10.4
12.84
14.24
11.32
11.86
11.47
10.27
11.38
11.12
9.74
10.63
10.01
13.75
12.22
12.74
13.66
13.52
9.58
10.83
13.21
11.04
9.71
11.35
9.7
13.17
14.26
10.55
14.66
12.04
12.38
12.47
11.52
12.0
11.74
10.58
10.8
10.89
10.34
9.13
12.2
