458
495
110
350
296
130
585
347
498
151
127
108
671
385
133
272
289
342
150
582
385
355
132
217
350
294
388
126
150
588
330
583
174
247
127
385
338
126
241
293
385
202
393
388
349
287
13
291
181
209
495
243
89
114
16
497
357
345
346
354
19
92
203
586
582
118
173
670
330
348
300
567
296
289
334
62
342
26
495
670
357
153
247
246
174
352
555
87
16
549
241
132
17
393
111
330
544
173
126
498
85
118
549
123
58
332
127
545
297
117
174
87
17
587
588
385
334
549
333
670
212
247
670
124
133
25
349
334
112
285
355
208
671
154
125
296
332
207
384
92
108
126
634
16
635
37
296
109
94
152
174
330
386
151
132
286
548
458
127
117
153
354
495
588
347
16
336
202
274
25
207
342
193
114
387
203
90
108
393
548
61
205
285
0
124
546
551
496
273
456
332
62
544
338
300
151
352
60
670
118
202
110
454
273
289
94
242
354
242
153
292
127
242
346
110
334
386
61
357
344
207
181
495
338
336
546
498
13
350
118
130
544
670
337
347
330
385
285
132
107
392
392
272
297
348
385
152
292
546
130
455
545
550
341
546
118
296
158
387
207
549
289
243
248
61
635
351
353
583
357
294
199
113
174
13
353
454
296
131
392
351
586
289
336
60
336
588
131
117
64
85
289
132
498
294
586
587
132
107
248
93
114
239
155
239
128
386
92
130
60
111
634
339
498
127
206
289
60
13
153
351
357
19
333
555
298
498
128
347
150
330
111
585
129
130
239
110
13
173
384
193
548
58
352
458
63
130
546
342
151
357
347
354
497
334
333
671
344
217
63
243
242
337
90
110
336
107
635
117
274
118
13
670
239
130
87
567
385
293
292
58
332
582
338
497
151
347
19
585
208
207
112
344
16
286
495
550
634
588
130
389
671
16
393
670
126
243
19
25
0
355
586
173
63
355
202
550
670
203
154
544
288
88
109
158
217
206
456
111
154
390
242
386
248
335
335
274
497
552
126
152
92
107
634
346
549
296
354
58
347
497
544
390
288
343
150
131
133
19
58
582
343
155
205
296
670
299
544
552
357
213
288
155
127
92
549
92
25
588
174
154
94
118
206
243
635
546
546
354
387
248
393
131
292
89
155
128
117
393
0
340
547
345
345
19
19
174
25
585
550
393
88
113
64
150
17
93
63
287
456
285
549
586
212
89
352
132
199
124
89
336
64
203
349
62
107
584
93
126
670
342
497
289
109
239
0
294
132
174
351
113
547
288
208
342
634
552
88
582
315
273
0
341
355
131
129
63
548
173
155
455
17
153
344
387
202
89
495
241
552
213
114
64
353
59
199
247
587
242
127
150
333
123
291
498
341
58
87
285
387
111
293
126
207
330
391
151
671
246
209
209
339
635
298
347
357
299
385
246
386
300
297
585
13
173
385
353
456
108
129
344
390
547
585
342
114
242
153
498
345
125
634
128
133
125
670
300
285
16
586
25
390
671
336
87
90
126
293
670
346
296
498
273
212
588
212
118
544
217
199
336
555
88
173
387
123
389
110
548
108
588
113
90
155
346
203
133
549
60
132
296
26
205
108
496
199
173
635
550
349
129
548
588
497
203
59
355
670
107
181
337
334
87
567
110
299
202
384
495
357
128
239
293
297
58
124
207
339
337
212
150
351
635
131
287
93
341
213
634
335
357
352
107
350
158
347
110
495
123
345
415
93
341
63
671
111
338
87
335
355
586
289
552
384
357
88
392
239
272
85
110
552
347
458
26
25
345
61
286
26
355
150
286
294
153
151
153
293
586
239
634
291
151
387
289
117
173
567
217
114
131
62
384
17
63
90
126
392
455
357
454
391
670
551
118
93
129
497
549
585
389
354
300
347
274
333
113
384
113
13
274
25
291
350
393
123
353
315
239
455
60
111
586
63
113
128
293
153
415
19
547
548
242
670
62
635
60
118
341
131
208
26
285
208
552
337
62
174
546
297
108
205
131
339
110
90
61
588
89
671
158
243
273
126
347
357
341
129
385
25
585
132
94
340
110
294
347
387
63
17
113
350
582
582
60
246
345
341
199
248
154
246
343
296
217
350
588
386
384
124
349
19
386
386
16
247
352
341
131
415
344
205
93
299
133
63
390
0
544
335
272
385
155
59
352
154
498
545
89
415
496
26
85
154
109
118
61
347
60
315
456
113
208
207
114
213
582
551
337
352
202
37
350
330
344
151
152
389
415
348
349
288
548
16
181
336
131
551
274
58
455
62
203
588
588
285
85
124
19
130
